T avg word length: 4.51277372263
E avg word length: 4.4731134207
M avg word length: 4.06631382316

Letter k-gram distances
k:     2     3     4     5     6     7     8     9
TE: 0.020 0.018 0.017 0.016 0.015 0.015 0.015 0.015
TM: 0.028 0.022 0.019 0.017 0.015 0.015 0.014 0.014
EM: 0.019 0.017 0.015 0.014 0.014 0.013 0.013 0.012
Word k-gram distances
k:     2     3     4     5     6     7     8     9
TE: 0.034 0.033 0.033 0.033 0.033 0.033 0.033 0.033
TM: 0.033 0.031 0.030 0.030 0.030 0.030 0.030 0.030
EM: 0.029 0.028 0.028 0.028 0.028 0.028 0.028 0.028
